1.442521e-02 -5.281077e-01
2.442328e-02 -5.195897e-01
3.441891e-02 -5.110197e-01
4.441110e-02 -5.023986e-01
5.439885e-02 -4.937272e-01
6.438115e-02 -4.850065e-01
7.435702e-02 -4.762373e-01
8.432545e-02 -4.674205e-01
9.428545e-02 -4.585569e-01
1.042360e-01 -4.496475e-01
1.141762e-01 -4.406931e-01
1.241049e-01 -4.316946e-01
1.340212e-01 -4.226530e-01
1.439241e-01 -4.135691e-01
1.538127e-01 -4.044438e-01
1.636858e-01 -3.952781e-01
1.735426e-01 -3.860729e-01
1.833820e-01 -3.768291e-01
1.932031e-01 -3.675476e-01
2.030049e-01 -3.582293e-01
2.127863e-01 -3.488752e-01
2.225465e-01 -3.394862e-01
2.322844e-01 -3.300633e-01
2.419991e-01 -3.206073e-01
2.516897e-01 -3.111194e-01
2.613550e-01 -3.016002e-01
2.709942e-01 -2.920510e-01
2.806063e-01 -2.824725e-01
2.901903e-01 -2.728658e-01
2.997453e-01 -2.632318e-01
3.092704e-01 -2.535715e-01
3.187645e-01 -2.438858e-01
3.282268e-01 -2.341757e-01
3.376562e-01 -2.244422e-01
3.470518e-01 -2.146863e-01
3.564128e-01 -2.049089e-01
3.657381e-01 -1.951110e-01
3.750268e-01 -1.852936e-01
3.842781e-01 -1.754577e-01
3.934909e-01 -1.656042e-01
4.026643e-01 -1.557341e-01
4.117975e-01 -1.458485e-01
4.208895e-01 -1.359483e-01
4.299395e-01 -1.260345e-01
4.389464e-01 -1.161081e-01
4.479094e-01 -1.061701e-01
4.568277e-01 -9.622151e-02
4.657002e-01 -8.626327e-02
4.745262e-01 -7.629640e-02
4.833048e-01 -6.632190e-02
4.920350e-01 -5.634076e-02
5.007160e-01 -4.635400e-02
5.093469e-01 -3.636260e-02
5.179269e-01 -2.636756e-02
5.264551e-01 -1.636988e-02
5.349307e-01 -6.370571e-03
5.433528e-01 3.629378e-03
5.517205e-01 1.362896e-02
5.600331e-01 2.362719e-02
5.682896e-01 3.362305e-02
5.764894e-01 4.361555e-02
5.846315e-01 5.360368e-02
5.927151e-01 6.358646e-02
6.007394e-01 7.356288e-02
6.087037e-01 8.353194e-02
6.166071e-01 9.349265e-02
6.244489e-01 1.034440e-01
6.322282e-01 1.133850e-01
6.399443e-01 1.233147e-01
6.475963e-01 1.332320e-01
6.551837e-01 1.431361e-01
6.627055e-01 1.530258e-01
6.701610e-01 1.629002e-01
6.775495e-01 1.727583e-01
6.848703e-01 1.825991e-01
6.921226e-01 1.924217e-01
6.993057e-01 2.022251e-01
7.064188e-01 2.120082e-01
7.134613e-01 2.217701e-01
7.204325e-01 2.315098e-01
7.273316e-01 2.412264e-01
7.341580e-01 2.509189e-01
7.409109e-01 2.605863e-01
7.475898e-01 2.702276e-01
7.541939e-01 2.798419e-01
7.607226e-01 2.894282e-01
7.671753e-01 2.989855e-01
7.735512e-01 3.085130e-01
7.798497e-01 3.180096e-01
7.860703e-01 3.274744e-01
7.922123e-01 3.369065e-01
7.982750e-01 3.463049e-01
8.042579e-01 3.556686e-01
8.101604e-01 3.649968e-01
8.159819e-01 3.742885e-01
8.217218e-01 3.835428e-01
8.273795e-01 3.927587e-01
8.329545e-01 4.019353e-01
8.384461e-01 4.110717e-01
8.438540e-01 4.201670e-01
