8.491774e-01 4.292203e-01
8.544159e-01 4.382307e-01
8.595690e-01 4.471973e-01
8.646362e-01 4.561191e-01
8.696168e-01 4.649954e-01
8.745105e-01 4.738251e-01
8.793168e-01 4.826075e-01
8.840351e-01 4.913416e-01
8.886651e-01 5.000265e-01
8.932061e-01 5.086615e-01
8.976579e-01 5.172456e-01
9.020198e-01 5.257779e-01
9.062916e-01 5.342577e-01
9.104727e-01 5.426841e-01
9.145628e-01 5.510562e-01
9.185615e-01 5.593732e-01
9.224683e-01 5.676342e-01
9.262828e-01 5.758385e-01
9.300047e-01 5.839852e-01
9.336336e-01 5.920735e-01
9.371692e-01 6.001026e-01
9.406110e-01 6.080717e-01
9.439588e-01 6.159800e-01
9.472122e-01 6.238267e-01
9.503708e-01 6.316110e-01
9.534345e-01 6.393321e-01
9.564028e-01 6.469893e-01
9.592754e-01 6.545819e-01
9.620521e-01 6.621089e-01
9.647326e-01 6.695698e-01
9.673167e-01 6.769637e-01
9.698040e-01 6.842898e-01
9.721943e-01 6.915476e-01
9.744874e-01 6.987362e-01
9.766831e-01 7.058550e-01
9.787811e-01 7.129031e-01
9.807812e-01 7.198800e-01
9.826832e-01 7.267849e-01
9.844870e-01 7.336171e-01
9.861923e-01 7.403759e-01
9.877990e-01 7.470607e-01
9.893069e-01 7.536708e-01
9.907159e-01 7.602055e-01
9.920259e-01 7.666642e-01
9.932366e-01 7.730463e-01
9.943480e-01 7.793510e-01
9.953599e-01 7.855778e-01
9.962724e-01 7.917261e-01
9.970852e-01 7.977951e-01
9.977983e-01 8.037844e-01
9.984116e-01 8.096933e-01
9.989251e-01 8.155213e-01
9.993387e-01 8.212677e-01
9.996523e-01 8.269320e-01
9.998660e-01 8.325135e-01
9.999797e-01 8.380119e-01
9.999934e-01 8.434264e-01
9.999071e-01 8.487566e-01
9.997208e-01 8.540019e-01
9.994346e-01 8.591618e-01
9.990484e-01 8.642358e-01
9.985623e-01 8.692234e-01
9.979763e-01 8.741240e-01
9.972906e-01 8.789373e-01
9.965051e-01 8.836626e-01
9.956200e-01 8.882996e-01
9.946353e-01 8.928478e-01
9.935511e-01 8.973066e-01
9.923676e-01 9.016758e-01
9.910849e-01 9.059547e-01
9.897030e-01 9.101431e-01
9.882222e-01 9.142405e-01
9.866426e-01 9.182464e-01
9.849642e-01 9.221605e-01
9.831874e-01 9.259824e-01
9.813123e-01 9.297117e-01
9.793391e-01 9.333481e-01
9.772679e-01 9.368911e-01
9.750990e-01 9.403404e-01
9.728326e-01 9.436957e-01
9.704689e-01 9.469566e-01
9.680081e-01 9.501228e-01
9.654506e-01 9.531940e-01
9.627965e-01 9.561699e-01
9.600461e-01 9.590501e-01
9.571997e-01 9.618345e-01
9.542576e-01 9.645227e-01
9.512201e-01 9.671144e-01
9.480875e-01 9.696094e-01
9.448600e-01 9.720075e-01
9.415381e-01 9.743084e-01
9.381220e-01 9.765118e-01
9.346121e-01 9.786176e-01
9.310088e-01 9.806255e-01
9.273123e-01 9.825353e-01
9.235231e-01 9.843469e-01
9.196416e-01 9.860601e-01
9.156681e-01 9.876747e-01
9.116030e-01 9.891905e-01
9.074468e-01 9.906074e-01
