-8.335895e-01 -9.998960e-01
-8.280240e-01 -9.997017e-01
-8.223758e-01 -9.994075e-01
-8.166453e-01 -9.990133e-01
-8.108332e-01 -9.985193e-01
-8.049400e-01 -9.979254e-01
-7.989663e-01 -9.972317e-01
-7.929127e-01 -9.964383e-01
-7.867798e-01 -9.955452e-01
-7.805682e-01 -9.945526e-01
-7.742785e-01 -9.934605e-01
-7.679115e-01 -9.922691e-01
-7.614676e-01 -9.909785e-01
-7.549476e-01 -9.895887e-01
-7.483522e-01 -9.881000e-01
-7.416818e-01 -9.865125e-01
-7.349373e-01 -9.848264e-01
-7.281194e-01 -9.830417e-01
-7.212286e-01 -9.811588e-01
-7.142657e-01 -9.791777e-01
-7.072313e-01 -9.770988e-01
-7.001262e-01 -9.749221e-01
-6.929512e-01 -9.726479e-01
-6.857068e-01 -9.702765e-01
-6.783939e-01 -9.678080e-01
-6.710131e-01 -9.652428e-01
-6.635652e-01 -9.625810e-01
-6.560509e-01 -9.598230e-01
-6.484711e-01 -9.569690e-01
-6.408264e-01 -9.540192e-01
-6.331176e-01 -9.509741e-01
-6.253456e-01 -9.478339e-01
-6.175109e-01 -9.445990e-01
-6.096146e-01 -9.412695e-01
-6.016573e-01 -9.378460e-01
-5.936398e-01 -9.343286e-01
-5.855629e-01 -9.307178e-01
-5.774275e-01 -9.270140e-01
-5.692343e-01 -9.232174e-01
-5.609843e-01 -9.193285e-01
-5.526781e-01 -9.153477e-01
-5.443166e-01 -9.112754e-01
-5.359008e-01 -9.071119e-01
-5.274313e-01 -9.028577e-01
-5.189091e-01 -8.985133e-01
-5.103350e-01 -8.940789e-01
-5.017099e-01 -8.895552e-01
-4.930346e-01 -8.849425e-01
-4.843100e-01 -8.802414e-01
-4.755369e-01 -8.754522e-01
-4.667163e-01 -8.705754e-01
-4.578491e-01 -8.656116e-01
-4.489360e-01 -8.605613e-01
-4.399781e-01 -8.554249e-01
-4.309762e-01 -8.502029e-01
-4.219311e-01 -8.448959e-01
-4.128439e-01 -8.395045e-01
-4.037154e-01 -8.340291e-01
-3.945465e-01 -8.284703e-01
-3.853382e-01 -8.228286e-01
-3.760913e-01 -8.171047e-01
-3.668068e-01 -8.112990e-01
-3.574857e-01 -8.054122e-01
-3.481288e-01 -7.994449e-01
-3.387371e-01 -7.933976e-01
-3.293115e-01 -7.872710e-01
-3.198530e-01 -7.810657e-01
-3.103625e-01 -7.747823e-01
-3.008409e-01 -7.684213e-01
-2.912893e-01 -7.619836e-01
-2.817085e-01 -7.554696e-01
-2.720996e-01 -7.488801e-01
-2.624635e-01 -7.422157e-01
-2.528011e-01 -7.354771e-01
-2.431134e-01 -7.286650e-01
-2.334014e-01 -7.217800e-01
-2.236661e-01 -7.148228e-01
-2.139085e-01 -7.077941e-01
-2.041294e-01 -7.006946e-01
-1.943299e-01 -6.935251e-01
-1.845110e-01 -6.862862e-01
-1.746736e-01 -6.789787e-01
-1.648188e-01 -6.716033e-01
-1.549475e-01 -6.641607e-01
-1.450607e-01 -6.566517e-01
-1.351594e-01 -6.490771e-01
-1.252445e-01 -6.414375e-01
-1.153172e-01 -6.337338e-01
-1.053783e-01 -6.259668e-01
-9.542885e-02 -6.181371e-01
-8.546988e-02 -6.102456e-01
-7.550237e-02 -6.022931e-01
-6.552730e-02 -5.942804e-01
-5.554569e-02 -5.862082e-01
-4.555851e-02 -5.780775e-01
-3.556678e-02 -5.698889e-01
-2.557150e-02 -5.616433e-01
-1.557366e-02 -5.533416e-01
-5.574259e-03 -5.449845e-01
4.425698e-03 -5.365729e-01
