9.031998e-01 9.919252e-01
8.988625e-01 9.931438e-01
8.944353e-01 9.942631e-01
8.899187e-01 9.952830e-01
8.853131e-01 9.962034e-01
8.806190e-01 9.970241e-01
8.758368e-01 9.977451e-01
8.709670e-01 9.983664e-01
8.660101e-01 9.988878e-01
8.609666e-01 9.993094e-01
8.558370e-01 9.996310e-01
8.506219e-01 9.998527e-01
8.453217e-01 9.999743e-01
8.399369e-01 9.999960e-01
8.344682e-01 9.999177e-01
8.289160e-01 9.997393e-01
8.232809e-01 9.994610e-01
8.175635e-01 9.990828e-01
8.117643e-01 9.986047e-01
8.058840e-01 9.980267e-01
7.999230e-01 9.973488e-01
7.938821e-01 9.965713e-01
7.877618e-01 9.956941e-01
7.815627e-01 9.947173e-01
7.752855e-01 9.936411e-01
7.689307e-01 9.924655e-01
7.624990e-01 9.911907e-01
7.559911e-01 9.898167e-01
7.494076e-01 9.883437e-01
7.427492e-01 9.867720e-01
7.360164e-01 9.851015e-01
7.292101e-01 9.833325e-01
7.223309e-01 9.814652e-01
7.153794e-01 9.794998e-01
7.083564e-01 9.774364e-01
7.012625e-01 9.752753e-01
6.940986e-01 9.730166e-01
6.868652e-01 9.706607e-01
6.795631e-01 9.682076e-01
6.721931e-01 9.656578e-01
6.647558e-01 9.630114e-01
6.572521e-01 9.602687e-01
6.496827e-01 9.574299e-01
6.420483e-01 9.544954e-01
6.343496e-01 9.514655e-01
6.265876e-01 9.483404e-01
6.187629e-01 9.451205e-01
6.108763e-01 9.418061e-01
6.029286e-01 9.383975e-01
5.949207e-01 9.348951e-01
5.868532e-01 9.312991e-01
5.787271e-01 9.276101e-01
5.705431e-01 9.238283e-01
5.623020e-01 9.199541e-01
5.540047e-01 9.159879e-01
5.456520e-01 9.119301e-01
5.372447e-01 9.077811e-01
5.287837e-01 9.035413e-01
5.202699e-01 8.992112e-01
5.117040e-01 8.947912e-01
5.030869e-01 8.902817e-01
4.944196e-01 8.856831e-01
4.857028e-01 8.809960e-01
4.769374e-01 8.762208e-01
4.681243e-01 8.713580e-01
4.592644e-01 8.664080e-01
4.503586e-01 8.613714e-01
4.414078e-01 8.562487e-01
4.324128e-01 8.510403e-01
4.233745e-01 8.457468e-01
4.142940e-01 8.403688e-01
4.051720e-01 8.349067e-01
3.960095e-01 8.293611e-01
3.868074e-01 8.237326e-01
3.775666e-01 8.180218e-01
3.682880e-01 8.122291e-01
3.589726e-01 8.063552e-01
3.496214e-01 8.004007e-01
3.402351e-01 7.943661e-01
3.308149e-01 7.882521e-01
3.213615e-01 7.820592e-01
3.118761e-01 7.757882e-01
3.023594e-01 7.694396e-01
2.928125e-01 7.630140e-01
2.832363e-01 7.565122e-01
2.736318e-01 7.499346e-01
2.640000e-01 7.432821e-01
2.543417e-01 7.365553e-01
2.446580e-01 7.297548e-01
2.349498e-01 7.228813e-01
2.252182e-01 7.159356e-01
2.154640e-01 7.089183e-01
2.056882e-01 7.018300e-01
1.958920e-01 6.946716e-01
1.860761e-01 6.874437e-01
1.762416e-01 6.801471e-01
1.663895e-01 6.727825e-01
1.565207e-01 6.653505e-01
1.466363e-01 6.578521e-01
1.367372e-01 6.502878e-01
